2.005083333333333258e+03 3.636742111999999860e+00
2.005166666666666742e+03 3.551421712999999869e+00
2.005250000000000000e+03 3.632589691999999815e+00
2.005333333333333258e+03 3.566550267999999857e+00
2.005416666666666742e+03 3.677899635999999806e+00
2.005500000000000000e+03 3.743540901999999893e+00
2.005583333333333258e+03 3.575242488999999857e+00
2.005666666666666742e+03 3.434784443999999937e+00
2.005750000000000000e+03 3.340340241999999904e+00
2.005833333333333258e+03 3.260724881999999880e+00
2.005916666666666742e+03 3.147272528999999874e+00
2.006000000000000000e+03 3.173324732000000203e+00
2.006083333333333258e+03 3.202318169000000214e+00
2.006166666666666742e+03 3.521814727000000200e+00
2.006250000000000000e+03 3.335982340999999796e+00
2.006333333333333258e+03 3.382306049999999953e+00
2.006416666666666742e+03 3.146360522999999798e+00
2.006500000000000000e+03 3.506301464999999951e+00
2.006583333333333258e+03 3.665274662999999933e+00
2.006666666666666742e+03 3.616751359000000221e+00
2.006750000000000000e+03 3.727664383000000026e+00
2.006833333333333258e+03 3.677396392999999986e+00
2.006916666666666742e+03 3.739294908999999834e+00
2.007000000000000000e+03 3.790177278999999899e+00
2.007083333333333258e+03 3.730065359000000136e+00
2.007166666666666742e+03 3.816723924999999795e+00
2.007250000000000000e+03 3.800527951999999932e+00
2.007333333333333258e+03 3.688186067999999818e+00
2.007416666666666742e+03 3.465757745999999972e+00
2.007500000000000000e+03 3.538478747000000091e+00
2.007583333333333258e+03 3.487051135999999829e+00
2.007666666666666742e+03 3.576353700999999941e+00
2.007750000000000000e+03 3.503494986000000200e+00
2.007833333333333258e+03 3.631134293000000124e+00
2.007916666666666742e+03 3.553234495999999965e+00
2.008000000000000000e+03 3.524239584000000036e+00
2.008083333333333258e+03 3.816976614000000101e+00
2.008166666666666742e+03 3.680226033999999924e+00
2.008250000000000000e+03 3.760176088000000139e+00
2.008333333333333258e+03 3.617563774999999815e+00
2.008416666666666742e+03 3.576505419000000074e+00
2.008500000000000000e+03 3.611775859000000199e+00
2.008583333333333258e+03 3.843580085000000146e+00
2.008666666666666742e+03 3.776179949999999952e+00
2.008750000000000000e+03 3.855752807000000004e+00
2.008833333333333258e+03 4.023209737000000175e+00
2.008916666666666742e+03 4.536816903000000067e+00
2.009000000000000000e+03 4.534842335999999641e+00
2.009083333333333258e+03 4.672208471000000252e+00
2.009166666666666742e+03 5.002274640000000439e+00
2.009250000000000000e+03 4.956580984000000356e+00
2.009333333333333258e+03 5.197946764000000108e+00
2.009416666666666742e+03 5.598286086999999966e+00
2.009500000000000000e+03 5.285792912999999871e+00
2.009583333333333258e+03 5.461887940999999635e+00
2.009666666666666742e+03 5.708909779999999934e+00
2.009750000000000000e+03 5.986177348000000009e+00
2.009833333333333258e+03 5.493019398999999581e+00
2.009916666666666742e+03 5.288777973000000188e+00
2.010000000000000000e+03 5.290621965999999787e+00
2.010083333333333258e+03 5.411914722999999761e+00
2.010166666666666742e+03 5.113984310000000200e+00
2.010250000000000000e+03 5.149509594000000412e+00
2.010333333333333258e+03 5.458200925999999953e+00
2.010416666666666742e+03 5.252860850000000248e+00
2.010500000000000000e+03 5.135952397999999697e+00
2.010583333333333258e+03 5.294183816000000320e+00
2.010666666666666742e+03 5.015431296000000039e+00
2.010750000000000000e+03 5.281310107000000365e+00
2.010833333333333258e+03 5.332051583000000150e+00
2.010916666666666742e+03 5.314291254999999659e+00
2.011000000000000000e+03 5.509405547000000070e+00
2.011083333333333258e+03 5.030776176999999905e+00
2.011166666666666742e+03 5.264215381999999721e+00
2.011250000000000000e+03 5.111608647999999810e+00
2.011333333333333258e+03 5.199459765000000289e+00
2.011416666666666742e+03 5.366910074999999836e+00
2.011500000000000000e+03 5.553895452999999982e+00
2.011583333333333258e+03 5.206584859000000343e+00
2.011666666666666742e+03 5.288344758000000034e+00
2.011750000000000000e+03 5.073452560999999861e+00
2.011833333333333258e+03 4.873680690999999676e+00
2.011916666666666742e+03 5.066948324000000170e+00
2.012000000000000000e+03 5.020581958000000178e+00
2.012083333333333258e+03 4.630654268999999879e+00
2.012166666666666742e+03 5.289847304000000250e+00
2.012250000000000000e+03 5.020562275999999713e+00
2.012333333333333258e+03 4.908138733000000364e+00
2.012416666666666742e+03 4.775542243000000298e+00
2.012500000000000000e+03 4.817051761000000099e+00
2.012583333333333258e+03 4.748076162000000267e+00
2.012666666666666742e+03 4.939460514000000302e+00
2.012750000000000000e+03 4.592031715000000069e+00
2.012833333333333258e+03 4.909739758999999815e+00
2.012916666666666742e+03 5.159955783000000018e+00
2.013000000000000000e+03 4.893401069000000270e+00
2.013083333333333258e+03 5.165349146999999697e+00
2.013166666666666742e+03 4.810298511000000055e+00
2.013250000000000000e+03 4.978408141000000064e+00
2.013333333333333258e+03 5.011781369000000375e+00
2.013416666666666742e+03 4.969050524000000024e+00
2.013500000000000000e+03 5.034917622000000037e+00
2.013583333333333258e+03 4.865568198000000066e+00
2.013666666666666742e+03 4.816134840000000139e+00
2.013750000000000000e+03 4.969639804999999910e+00
2.013833333333333258e+03 4.891694792000000014e+00
2.013916666666666742e+03 4.587546904999999953e+00
2.014000000000000000e+03 4.733629531000000057e+00
2.014083333333333258e+03 4.881804905000000083e+00
2.014166666666666742e+03 4.754550927999999566e+00
2.014250000000000000e+03 5.329554239000000138e+00
2.014333333333333258e+03 4.901476626000000003e+00
2.014416666666666742e+03 4.954577725000000044e+00
2.014500000000000000e+03 4.832174465999999668e+00
2.014583333333333258e+03 5.188841849000000117e+00
2.014666666666666742e+03 4.838151193999999933e+00
2.014750000000000000e+03 4.762564818000000422e+00
2.014833333333333258e+03 4.652124362000000346e+00
2.014916666666666742e+03 4.647166172999999567e+00
2.015000000000000000e+03 4.140468675000000154e+00
2.015083333333333258e+03 4.380438636000000052e+00
2.015166666666666742e+03 4.434380600999999977e+00
2.015250000000000000e+03 4.285683103000000216e+00
2.015333333333333258e+03 4.339888154999999692e+00
2.015416666666666742e+03 4.439171338000000411e+00
2.015500000000000000e+03 4.421258383999999708e+00
2.015583333333333258e+03 4.476914421000000033e+00
2.015666666666666742e+03 4.391627399999999959e+00
2.015750000000000000e+03 4.191062360000000098e+00
2.015833333333333258e+03 4.436575723999999887e+00
2.015916666666666742e+03 4.062222022000000266e+00
2.016000000000000000e+03 4.327197733000000213e+00
2.016083333333333258e+03 4.143106093000000101e+00
2.016166666666666742e+03 4.268634948999999956e+00
2.016250000000000000e+03 4.139861172999999894e+00
2.016333333333333258e+03 3.806813151000000062e+00
2.016416666666666742e+03 4.024666963999999680e+00
2.016500000000000000e+03 3.937675888999999874e+00
2.016583333333333258e+03 3.813432311000000130e+00
2.016666666666666742e+03 3.776943703999999791e+00
2.016750000000000000e+03 3.851230837000000129e+00
2.016833333333333258e+03 3.579679838000000114e+00
2.016916666666666742e+03 3.600426125999999893e+00
2.017000000000000000e+03 3.651989485000000091e+00
2.017083333333333258e+03 3.528222645000000046e+00
2.017166666666666742e+03 3.476289175999999870e+00
2.017250000000000000e+03 3.526084506000000118e+00
2.017333333333333258e+03 3.459686936999999851e+00
2.017416666666666742e+03 3.568613247000000044e+00
2.017500000000000000e+03 3.263356268999999976e+00
2.017583333333333258e+03 3.256628518999999944e+00
2.017666666666666742e+03 3.337705301000000180e+00
2.017750000000000000e+03 3.339440286999999952e+00
2.017833333333333258e+03 3.429435801999999978e+00
2.017916666666666742e+03 3.491390136000000144e+00
2.018000000000000000e+03 3.379417942999999980e+00
2.018083333333333258e+03 3.316057153000000035e+00
2.018166666666666742e+03 3.315163710999999847e+00
2.018250000000000000e+03 3.249106405000000031e+00
2.018333333333333258e+03 3.381789860000000036e+00
2.018416666666666742e+03 3.243555036000000058e+00
2.018500000000000000e+03 3.373037531000000033e+00
2.018583333333333258e+03 3.333791215999999835e+00
2.018666666666666742e+03 3.292785595999999870e+00
2.018750000000000000e+03 3.336482262000000087e+00
2.018833333333333258e+03 3.172853681999999953e+00
2.018916666666666742e+03 3.325304982000000020e+00
2.019000000000000000e+03 3.627749269999999804e+00
2.019083333333333258e+03 3.468996032999999812e+00
2.019166666666666742e+03 3.418304002000000175e+00
2.019250000000000000e+03 3.595767605999999894e+00
2.019333333333333258e+03 3.471357180000000042e+00
2.019416666666666742e+03 3.553333439999999843e+00
2.019500000000000000e+03 3.544766291999999819e+00
2.019583333333333258e+03 3.560798528999999935e+00
2.019666666666666742e+03 3.551319866000000047e+00
2.019750000000000000e+03 3.515984888999999836e+00
2.019833333333333258e+03 3.584405611999999852e+00
2.019916666666666742e+03 3.504736144000000220e+00
2.020000000000000000e+03 3.153232689999999838e+00
2.020083333333333258e+03 3.660575144000000058e+00
2.020166666666666742e+03 3.701004393999999920e+00
2.020250000000000000e+03 3.262301556000000158e+00
