3.188992300000000000e+07 9.745803383999999596e+02 4.382800000000000296e+01
3.600523000000000000e+06 5.937029525999999350e+03 7.642300000000000182e+01
3.333321600000000000e+07 6.223367465000000266e+03 7.230100000000000193e+01
1.242047600000000000e+07 4.797231267000000116e+03 4.273100000000000165e+01
4.030192700000000000e+07 1.277937964000000102e+04 7.531999999999999318e+01
2.043417600000000000e+07 3.443536743999999453e+04 8.123499999999999943e+01
8.199783000000000000e+06 3.612649270000000251e+04 7.982899999999999352e+01
7.085730000000000000e+05 2.979604833999999755e+04 7.563500000000000512e+01
1.504483390000000000e+08 1.391253791999999976e+03 6.406199999999999761e+01
1.039222600000000000e+07 3.369260508000000118e+04 7.944100000000000250e+01
8.078314000000000000e+06 1.441284873000000061e+03 5.672800000000000153e+01
9.119152000000000000e+06 3.822137084000000414e+03 6.555400000000000205e+01
4.552198000000000000e+06 7.446298802999999680e+03 7.485200000000000387e+01
1.639131000000000000e+06 1.256985177000000112e+04 5.072800000000000153e+01
1.900106470000000000e+08 9.065800825000000259e+03 7.239000000000000057e+01
7.322858000000000000e+06 1.068079282000000057e+04 7.300499999999999545e+01
1.432620300000000000e+07 1.217032993999999917e+03 5.229500000000000171e+01
8.390505000000000000e+06 4.300706916000000319e+02 4.957999999999999829e+01
1.413185800000000000e+07 1.713778685999999880e+03 5.972299999999999898e+01
1.769629300000000000e+07 2.042095239999999876e+03 5.042999999999999972e+01
3.339014100000000000e+07 3.631923501000000397e+04 8.065300000000000580e+01
4.369038000000000000e+06 7.060165369999999712e+02 4.474100000000000676e+01
1.023880700000000000e+07 1.704063723999999866e+03 5.065100000000000335e+01
1.628474100000000000e+07 1.317163884999999937e+04 7.855299999999999727e+01
1.318683096000000000e+09 4.959114853999999468e+03 7.296099999999999852e+01
4.422755000000000000e+07 7.006580418999999893e+03 7.288899999999999579e+01
7.109600000000000000e+05 9.861478792000001476e+02 6.515200000000000102e+01
6.460675900000000000e+07 2.775518586999999684e+02 4.646199999999999619e+01
3.800610000000000000e+06 3.632557797999999821e+03 5.532199999999999562e+01
4.133884000000000000e+06 9.645061419999999998e+03 7.878199999999999648e+01
1.801340900000000000e+07 1.544750111999999945e+03 4.832800000000000296e+01
4.493312000000000000e+06 1.461922271999999793e+04 7.574800000000000466e+01
1.141698700000000000e+07 8.948102923000000374e+03 7.827299999999999613e+01
1.022874400000000000e+07 2.283330850999999893e+04 7.648600000000000421e+01
5.468120000000000000e+06 3.527841874000000098e+04 7.833199999999999363e+01
4.963740000000000000e+05 2.082481567000000268e+03 5.479100000000000392e+01
9.319622000000000000e+06 6.025374752000000626e+03 7.223499999999999943e+01
1.375568000000000000e+07 6.873262326000000940e+03 7.499399999999999977e+01
8.026454300000000000e+07 5.581180997999999818e+03 7.133800000000000807e+01
6.939688000000000000e+06 5.728353514000000359e+03 7.187800000000000011e+01
5.512010000000000000e+05 1.215408974999999919e+04 5.157899999999999352e+01
4.906585000000000000e+06 6.413695236000000932e+02 5.803999999999999915e+01
7.651188700000000000e+07 6.908055759000000080e+02 5.294699999999999562e+01
5.238460000000000000e+06 3.320708439999999973e+04 7.931300000000000239e+01
6.108391600000000000e+07 3.047001670000000013e+04 8.065699999999999648e+01
1.454867000000000000e+06 1.320648451999999997e+04 5.673499999999999943e+01
1.688359000000000000e+06 7.527497264999999516e+02 5.944800000000000040e+01
8.240099600000000000e+07 3.217037442000000010e+04 7.940600000000000591e+01
2.287333800000000000e+07 1.327608909999999923e+03 6.002199999999999847e+01
1.070629000000000000e+07 2.753841187999999966e+04 7.948300000000000409e+01
1.257292800000000000e+07 5.186050003000000288e+03 7.025900000000000034e+01
9.947814000000000000e+06 9.426542110999999977e+02 5.600699999999999790e+01
1.472041000000000000e+06 5.792317429999999376e+02 4.638800000000000523e+01
8.502814000000000000e+06 1.201637154000000010e+03 6.091600000000000392e+01
7.483763000000000000e+06 3.548330846000000292e+03 7.019800000000000750e+01
6.980412000000000000e+06 3.972497866999999678e+04 8.220799999999999841e+01
9.956108000000000000e+06 1.800894443999999930e+04 7.333800000000000807e+01
3.019310000000000000e+05 3.618078918999999587e+04 8.175700000000000500e+01
1.110396331000000000e+09 2.452210407000000032e+03 6.469800000000000750e+01
2.235470000000000000e+08 3.540651564000000235e+03 7.065000000000000568e+01
6.945357000000000000e+07 1.160571449000000030e+04 7.096399999999999864e+01
2.749963800000000000e+07 4.471061905999999908e+03 5.954500000000000171e+01
4.109086000000000000e+06 4.067599635000000126e+04 7.888500000000000512e+01
6.426679000000000000e+06 2.552327709999999934e+04 8.074500000000000455e+01
5.814773300000000000e+07 2.856971970000000147e+04 8.054600000000000648e+01
2.780132000000000000e+06 7.320880262000000585e+03 7.256699999999999307e+01
1.274679720000000000e+08 3.165606806000000142e+04 8.260299999999999443e+01
6.053193000000000000e+06 4.519461170999999922e+03 7.253499999999999659e+01
3.561017700000000000e+07 1.463249281999999994e+03 5.410999999999999943e+01
2.330172500000000000e+07 1.593065479999999980e+03 6.729699999999999704e+01
4.904479000000000000e+07 2.334813973000000260e+04 7.862300000000000466e+01
2.505559000000000000e+06 4.730698978000000352e+04 7.758800000000000807e+01
3.921278000000000000e+06 1.046105868000000009e+04 7.199299999999999500e+01
2.012649000000000000e+06 1.569331441999999925e+03 4.259199999999999875e+01
3.193942000000000000e+06 4.145073414999999954e+02 4.567800000000000438e+01
6.036914000000000000e+06 1.205749928000000000e+04 7.395199999999999818e+01
1.916765400000000000e+07 1.044770125999999891e+03 5.944300000000000495e+01
1.332707900000000000e+07 7.593499100999999882e+02 4.830300000000000438e+01
2.482128600000000000e+07 1.245165580000000045e+04 7.424099999999999966e+01
1.203179500000000000e+07 1.042581556999999975e+03 5.446699999999999875e+01
3.270065000000000000e+06 1.803151496000000179e+03 6.416400000000000148e+01
1.250882000000000000e+06 1.095699112000000059e+04 7.280100000000000193e+01
1.087008910000000000e+08 1.197757495999999992e+04 7.619499999999999318e+01
2.874127000000000000e+06 3.095772271000000273e+03 6.680299999999999727e+01
6.847360000000000000e+05 9.253896111000000019e+03 7.454300000000000637e+01
3.375717500000000000e+07 3.820175229999999829e+03 7.116400000000000148e+01
1.995165600000000000e+07 8.236856205000000273e+02 4.208200000000000074e+01
4.776198000000000000e+07 9.440000000000000000e+02 6.206899999999999551e+01
2.055080000000000000e+06 4.811060429000000113e+03 5.290600000000000591e+01
2.890179000000000000e+07 1.091359778000000006e+03 6.378499999999999659e+01
1.657061300000000000e+07 3.679793331999999646e+04 7.976200000000000045e+01
4.115771000000000000e+06 2.518500910999999905e+04 8.020399999999999352e+01
5.675356000000000000e+06 2.749320964999999887e+03 7.289900000000000091e+01
1.289486500000000000e+07 6.196768923999999288e+02 5.686699999999999733e+01
1.350311640000000000e+08 2.013977305000000115e+03 4.685899999999999466e+01
4.627926000000000000e+06 4.935719017000000167e+04 8.019599999999999795e+01
3.204897000000000000e+06 2.231619286999999895e+04 7.564000000000000057e+01
1.692706170000000000e+08 2.605947580000000016e+03 6.548300000000000409e+01
3.242173000000000000e+06 9.809185636000000159e+03 7.553699999999999193e+01
6.667147000000000000e+06 4.172838464000000386e+03 7.175199999999999534e+01
2.867475700000000000e+07 7.408905560999999580e+03 7.142100000000000648e+01
9.107728700000000000e+07 3.190481016000000182e+03 7.168800000000000239e+01
3.851824100000000000e+07 1.538992468000000190e+04 7.556300000000000239e+01
1.064283600000000000e+07 2.050964776999999958e+04 7.809799999999999898e+01
3.942491000000000000e+06 1.932870900999999867e+04 7.874600000000000932e+01
7.980940000000000000e+05 7.670122558000000026e+03 7.644199999999999307e+01
2.227605600000000000e+07 1.080847560999999951e+04 7.247599999999999909e+01
8.860588000000000000e+06 8.630884639000000789e+02 4.624199999999999733e+01
1.995790000000000000e+05 1.598435089000000062e+03 6.552800000000000580e+01
2.760103800000000000e+07 2.165483194000000003e+04 7.277700000000000102e+01
1.226749300000000000e+07 1.712472135999999864e+03 6.306199999999999761e+01
1.015026500000000000e+07 9.786534713999999440e+03 7.400199999999999534e+01
6.144562000000000000e+06 8.625407561000000669e+02 4.256800000000000495e+01
4.553009000000000000e+06 4.714317963999999483e+04 7.997199999999999420e+01
5.447502000000000000e+06 1.867831435000000056e+04 7.466299999999999670e+01
2.009245000000000000e+06 2.576825759000000107e+04 7.792600000000000193e+01
9.118773000000000000e+06 9.261410683000000290e+02 4.815899999999999892e+01
4.399782800000000000e+07 9.269657807999999932e+03 4.933899999999999864e+01
4.044819100000000000e+07 2.882106369999999879e+04 8.094100000000000250e+01
2.037823900000000000e+07 3.970095407000000250e+03 7.239600000000000080e+01
4.229292900000000000e+07 2.602394995000000108e+03 5.855600000000000449e+01
1.133066000000000000e+06 4.513480642999999873e+03 3.961299999999999955e+01
9.031088000000000000e+06 3.385974835000000166e+04 8.088400000000000034e+01
7.554661000000000000e+06 3.750641906999999628e+04 8.170100000000000762e+01
1.931474700000000000e+07 4.184548088999999891e+03 7.414300000000000068e+01
2.317429400000000000e+07 2.871827683999999863e+04 7.840000000000000568e+01
3.813964000000000000e+07 1.107482181999999966e+03 5.251699999999999591e+01
6.506814900000000000e+07 7.458396326999999474e+03 7.061599999999999966e+01
5.701579000000000000e+06 8.829699437999998963e+02 5.842000000000000171e+01
1.056608000000000000e+06 1.800850923999999941e+04 6.981900000000000261e+01
1.027615800000000000e+07 7.092923025000000052e+03 7.392300000000000182e+01
7.115864700000000000e+07 8.458276384000000689e+03 7.177700000000000102e+01
2.917039800000000000e+07 1.056380121000000145e+03 5.154200000000000159e+01
6.077623800000000000e+07 3.320326127999999881e+04 7.942499999999999716e+01
3.011399470000000000e+08 4.295165308999999979e+04 7.824200000000000443e+01
3.447496000000000000e+06 1.061146298999999999e+04 7.638400000000000034e+01
2.608466200000000000e+07 1.141580569000000105e+04 7.374699999999999989e+01
8.526235600000000000e+07 2.441576403999999911e+03 7.424899999999999523e+01
4.018332000000000000e+06 3.025349798000000192e+03 7.342199999999999704e+01
2.221174300000000000e+07 2.280769905999999992e+03 6.269800000000000040e+01
1.174603500000000000e+07 1.271211592999999993e+03 4.238399999999999324e+01
1.231114300000000000e+07 4.697092981000000691e+02 4.348699999999999477e+01
